threshold: 0.5
accuracy: 0.8378378378378378
precision: 0.7717391304347826
recall: 0.9594594594594594
f1: 0.8554216867469879
roc_auc: 0.9393718042366691
eer: 0.14864864864864868
eer_threshold: 0.6486362814903259
far_at_threshold: 0.28378378378378377
frr_at_threshold: 0.04054054054054054
confusion_matrix:
  tn: 53
  fp: 21
  fn: 3
  tp: 71
n_samples: 148
n_live: 74
n_spoof: 74
